   2.00000
   2.00000
   1.96842
   1.90525
   1.81100
   1.68667
   1.53373
   1.35416
   1.15037
   0.92520
   0.68186
   0.42391
   0.15520
  -0.12021
  -0.39807
  -0.67404
  -0.94371
  -1.20275
  -1.44688
  -1.67202
  -1.87431
  -2.05019
  -2.19648
  -2.31039
  -2.38962
  -2.43236
  -2.43737
  -2.40397
  -2.33207
  -2.22222
  -2.07554
  -1.89377
  -1.67922
  -1.43477
  -1.16380
  -0.87017
  -0.55816
  -0.23242
   0.10214
   0.44037
   0.77699
   1.10666
   1.42405
   1.72397
   2.00140
   2.25161
   2.47021
   2.65325
   2.79729
   2.89943
   2.95740
   2.96958
   2.93506
   2.85364
   2.72588
   2.55305
   2.33718
   2.08099
   1.78790
   1.46194
   1.10775
   0.73048
   0.33571
  -0.07060
  -0.48220
  -0.89269
  -1.29557
  -1.68435
  -2.05267
  -2.39439
  -2.70370
  -2.97520
  -3.20400
  -3.38582
  -3.51704
  -3.59480
  -3.61702
  -3.58247
  -3.49080
  -3.34257
  -3.13920
  -2.88306
  -2.57734
  -2.22609
  -1.83415
  -1.40705
  -0.95099
  -0.47270
   0.02059
   0.52136
   1.02180
   1.51400
   1.99007
   2.44223
   2.86297
   3.24514
   3.58210
   3.86781
   4.09696
   4.26503
   4.36840
   4.40443
   4.37147
   4.26895
   4.09741
   3.85845
   3.55479
   3.19020
   2.76948
   2.29837
   1.78354
   1.23241
   0.65311
   0.05435
  -0.55472
  -1.16465
  -1.76582
  -2.34859
  -2.90349
  -3.42129
  -3.89325
  -4.31118
  -4.66763
  -4.95600
  -5.17066
  -5.30706
  -5.36181
  -5.33275
  -5.21902
  -5.02108
  -4.74073
  -4.38108
  -3.94657
  -3.44288
  -2.87687
  -2.25649
  -1.59068
  -0.88924
  -0.16268
   0.57793
   1.32110
   2.05515
   2.76833
   3.44906
   4.08608
   4.66863
   5.18666
   5.63096
   5.99335
   6.26683
   6.44566
   6.52553
   6.50362
   6.37866
   6.15099
   5.82260
   5.39708
   4.87961
   4.27691
   3.59716
   2.84987
   2.04577
   1.19668
   0.31527
  -0.58503
  -1.49031
  -2.38635
  -3.25886
  -4.09368
  -4.87704
  -5.59576
  -6.23746
  -6.79080
  -7.24564
  -7.59324
  -7.82643
  -7.93970
  -7.92939
  -7.79370
  -7.53279
  -7.14881
  -6.64588
  -6.03005
  -5.30928
  -4.49329
  -3.59345
  -2.62266
  -1.59513
  -0.52618
   0.56796
   1.67041
   2.76389
   3.83099
   4.85445
   5.81741
   6.70371
   7.49815
   8.18672
   8.75689
   9.19778
   9.50039
   9.65775
   9.66509
   9.51992
   9.22212
   8.77399
   8.18023
   7.44792
   6.58643
   5.60733
   4.52422
   3.35256
   2.10945
   0.81341
  -0.51594
  -1.85814
  -3.19220
  -4.49691
  -5.75121
  -6.93449
  -8.02696
  -9.00993
  -9.86613
 -10.58006
 -11.13819
 -11.52924
 -11.74441
 -11.77752
 -11.62516
 -11.28682
 -10.76491
 -10.06476
  -9.19461
  -8.16553
  -6.99126
  -5.68804
  -4.27442
  -2.77098
  -1.20003
   0.41466
   2.04831
   3.67542
   5.27017
   6.80689
   8.26038
   9.60638
  10.82194
  11.88580
  12.77877
  13.48405
